version https://git-lfs.github.com/spec/v1
oid sha256:427f7e14967f97074f539dcabf788f427d9fc8416ab45e89a792b35050ac2ff8
size 48638950
